903
441.076  211.214  346.754  202.438
611.66  383.179  465.662  381.411
333.996  430.737  278.903  374.244
493.496  77.7892  380.401  83.0989
180.267  357.085  210.264  296.518
509.753  131.266  391.248  129.886
132.772  268.194  193.496  237.238
438.065  163.523  342.298  161.404
278.721  434.974  251.618  369.152
564.312  461.024  426.35  450.383
571.538  369.858  434.074  361.375
536.003  263.611  408.664  253.529
500.741  122.948  385.425  122.698
523.701  441.235  395.955  420.997
562.472  115.355  433.547  110.506
512.848  131.323  394.108  129.578
76.4299  223.242  171.674  207.146
580.122  169.534  446.582  162.997
323.791  429.562  273.868  372.056
560.924  110.855  432.095  106.428
465.483  167.059  363.702  163.083
315.674  233.029  273.43  217.382
213.226  312.483  225.184  273.47
513.237  268.991  391.109  256.819
561.694  112.617  432.761  107.966
392.039  205.615  315.395  196.887
566.6  282.733  431.785  274.454
433.324  197.125  341.327  190.073
347.174  234.859  289.426  219.531
552.032  283.858  420.123  274.165
590.812  99.5429  457.433  92.2008
104.103  205.851  182.65  195.312
617.142  292.649  474.639  289.799
246.542  231.267  240.43  214.088
532.367  95.0214  408.107  94.8057
618.277  297.188  475.613  294.687
229.551  291.45  231.643  255.865
471.838  444.05  358.396  410.118
495.332  253.584  380.272  241.905
139.439  357.56  194.337  297.9
500.798  137.908  385.422  136.164
464.486  352.34  353.862  325.467
332.371  226.424  280.77  212.277
553.12  167.763  424.849  162.04
178.176  261.189  211.275  232.561
604.569  201.041  470.375  194.655
437.464  141.099  343.041  142.052
549.493  283.091  416.932  272.721
359.245  375.993  293.35  333.779
573.974  282.912  438.483  275.476
464.819  206.994  358.785  198.703
529.445  279.528  401.95  267.486
425.861  186.861  336.128  181.303
567.145  39.8199  440.272  35.3356
233.081  388.692  231.548  327.352
490.102  109.048  377.99  111.154
534.548  273.91  407.011  263.027
326.39  241.158  279.809  224.61
274.48  434.966  249.462  367.417
545.236  174.988  418.396  169.218
475.179  148.548  367.604  147.031
511.601  269.026  390.288  256.736
235.032  296.137  234.205  260.512
485.294  441.334  368.588  411.957
465.837  207.123  360.429  198.873
510.685  97.5905  393.192  98.8501
408.627  269.623  323.639  251.017
532.412  174.278  409.911  168.465
465.857  291.036  355.3  271.384
618.509  98.2683  483.72  87.3854
563.882  120.453  434.152  115.428
424.807  318.942  331.711  293.759
555.197  171.161  426.255  165.134
408.502  276  323.379  256.124
162.445  361.491  203.071  301.082
513.579  268.755  391.383  256.708
109.681  323.657  183.431  274.863
213.969  280.599  225.83  248.703
294.139  241.046  262.591  222.657
218.078  347.34  225.788  295.289
399.365  204.875  319.73  196.271
467.602  219.162  359.097  209.24
579.723  189.477  447.408  182.744
616.646  340.582  471.326  338.702
476.929  252.513  366.997  239.673
554.083  286.177  421.023  276.158
602.621  115.329  467.212  106.988
482.296  173.386  372.619  168.676
398.621  204.862  319.73  196.271
109.809  200.156  184.497  191.573
310.472  240.057  272.226  223.576
529.689  102.647  407.581  101.623
610.103  199.936  473.675  193.458
471.058  441.821  358.869  409.009
500.573  248.651  381.697  236.905
530.08  463.131  399.951  443.012
531.522  147.679  407.012  143.778
561.769  105.06  432.968  100.513
231.262  285.716  232.8  253.017
519.741  263.863  395.268  252.088
431.906  319.934  334.803  294.35
578.259  189.309  447.718  182.796
232.274  427.605  230.552  357.108
296.817  331.939  262.765  293.026
573.784  282.508  437.809  274.784
512.848  131.323  394.322  129.33
481.52  253.864  369.777  241.313
487.022  252.127  373.779  240.103
215.149  256.813  227.304  232.961
528.154  188.645  405.663  182.458
524.6  192.522  399.442  186.193
577.429  305.726  439.206  298.065
485.753  109.843  376.581  111.195
424.977  186.764  336.213  181.266
450.3  134.267  351.605  135.704
548.041  257.41  418.383  248.339
500.55  259.155  382.82  246.882
509.684  98.2014  393.192  98.8501
512.245  131.465  394.322  129.33
580.539  373.677  441.025  366.418
515.357  288.292  391.767  274.476
230.688  290.805  232.279  256.254
544.855  227.941  417.679  219.959
595.562  123.445  461.652  115.902
204.548  364.803  219.875  307.846
307.151  468.415  263.997  397.868
175.852  405.371  207.353  334.121
611.131  442.603  466.867  445.88
496.144  136.202  382.47  135.022
271.082  417.453  248.579  354.733
141.202  308.156  195.563  265.529
291.674  249.642  261.857  229.44
216.112  296.396  226.415  259.689
174.804  405.25  207.315  333.723
548.448  223.656  420.522  215.905
548.736  226.59  420.253  218.696
565.156  264.79  432.225  257.25
351.243  246.44  294.306  230.552
472.382  218.425  364.508  208.898
110.111  323.324  183.385  274.263
157.145  46.8626  207.552  87.4512
503.959  353.696  381.846  333.732
550.85  255.209  419.971  246.165
552.3  383.937  419.388  372.101
587.533  100.966  455.781  93.3276
164.359  312.016  204.888  264.352
516.928  265.57  394.928  254.007
574.777  283.237  438.483  275.476
495.79  124.492  383.081  124.234
545.012  281.285  415.354  271.487
507.137  130.226  389.578  128.794
500.647  243.069  383.643  232.638
471.127  220.014  362.73  210.595
573.671  283.324  437.654  275.962
140.756  209.615  196.966  198.608
328.181  431.818  275.862  373.399
538.843  149.765  411.555  145.992
175.268  353.095  208.568  299.672
233.428  244.46  234.993  223.441
529.299  269.87  402.906  259.047
573.997  181.424  442.274  174.647
429.278  327.712  333.28  301.049
426.2  182.274  335.41  177.159
537.852  302.88  408.835  290.714
518.851  266.115  395.827  254.446
536.443  84.5385  413.644  83.2131
496.871  368.983  377.526  346.931
532.125  149.055  407.605  144.886
548.522  257.042  418.882  247.959
549.729  171.741  420.12  165.87
302.491  245.531  266.594  226.189
90.1173  209.454  178.086  197.806
572.258  282.407  436.903  274.546
515.167  142.469  397.495  138.923
229.51  287.034  231.671  253.282
573.784  282.508  438.483  275.476
563.987  380.704  425.289  368.969
496.324  168.349  381.727  164.326
144.303  309.022  196.883  264.976
564.799  252.174  432.202  244.302
385.657  188.698  309.758  183.38
315.743  423.606  269.606  364.427
509.603  137.504  391.126  135.853
457.582  246.033  352.102  232.129
465.463  167.337  363.702  163.083
561.51  255.101  429.198  247.464
609.734  187.175  473.981  180.043
536.238  86.2187  413.051  84.9881
550.235  440.756  416.511  427.174
487.42  251.764  373.09  239.642
249.88  392.786  239.319  332.748
533.612  303.182  404.237  290.417
353.098  235.01  293.587  220.553
90.2002  251.059  177.276  225.994
574.998  160.467  442.808  153.844
578.502  188.242  446.151  181.344
507.235  149.64  390.122  146.257
517.207  184.072  396.56  178.44
493.626  352.943  377.336  333.936
455.167  149.617  354.405  148.347
575.957  158.877  444.417  152.104
500.445  113.081  385.749  113.97
433.31  232.467  340.876  221.076
591.924  284.522  453.365  278.575
245.029  253.491  239.215  230.314
321.474  427.646  272.108  367.55
507.725  146.476  390.062  144.069
356.703  251.835  300.759  237.201
461.745  173.173  358.839  168.664
569.674  386.676  431.582  377.608
514.491  268.713  391.383  256.708
506.559  129.6  390.198  128.479
562.242  377.895  424.183  365.311
203.468  365.541  219.875  307.846
556.619  167.393  427.554  161.859
486.968  455.771  369.847  425.781
414.499  204.002  329.422  196.146
507.137  130.226  390.198  128.479
572.258  282.407  435.488  274.637
188.991  359.687  214.042  301.615
554.734  170.228  426.232  164.639
563.165  379.871  425.792  369.018
424.868  184.192  334.64  179.366
591.875  283.738  453.325  277.742
487.578  264.281  374.948  251.039
439.352  327.711  338.408  301.351
513.358  269.586  390.664  257.506
512.402  97.4887  395.404  98.4006
239.472  403.574  234.291  337.899
501.412  268.575  382.893  255.271
546.786  280.873  416.079  271.119
306.551  252.5  268.232  231.377
229.83  285.076  231.602  251.455
457.695  207.203  354.951  198.575
148.821  403.886  197.26  330.733
336.354  226.902  283.556  213.29
547.206  280.048  416.461  270.39
553.344  286.851  420.257  276.409
358.265  373.337  293.096  331.307
475.437  236.357  367.261  225.827
475.601  172.66  367.749  168.682
204.049  387.275  218.987  323.203
454.561  336.763  347.775  310.974
465.359  164.536  361.592  160.87
414.155  196.401  328.493  188.992
495.812  255.512  380.625  244.163
563.442  380.406  425.434  369.175
454.721  152.71  352.047  151.51
513.616  97.2495  394.767  98.8505
327.325  465.861  273.835  399.291
606.052  308.088  463.368  304.265
499.635  128.003  384.554  127.773
497.159  121.372  383.148  121.852
424.231  184.184  333.074  179.508
505.146  130.661  387.739  130.083
318.215  423.48  271.483  366.228
501.904  450.323  380.683  424.634
559.287  110.766  430.967  105.97
174.441  405.304  207.353  334.121
529.591  270.545  404.064  259.382
513.802  268.979  391.413  256.354
509.956  309.472  386.83  293.841
489.294  262.788  373.967  249.752
574.369  161.482  442.009  154.807
506.239  123.44  389.321  122.384
558.45  198.979  429.177  191.869
497.541  293.291  379.207  278.192
409.561  223.507  324.789  211.644
89.9301  215.241  177.203  202.13
468.11  215.52  360.169  205.858
547.261  280.741  416.432  271.088
481.487  252.325  369.8  240.2
550.018  440.541  417.154  427.652
429.807  324.192  335.461  298.805
497.627  256.987  382.115  245.746
583.125  456.434  443.525  452.41
579.828  303.687  441.313  296.656
418.051  333.863  324.841  303.748
247.461  413.45  236.941  346.734
407.93  300.035  321.321  275.004
576.975  162.59  444.233  155.776
590.533  307.57  450.446  301.991
549.784  257.693  419.989  248.531
415.875  216.042  330.293  205.699
291.14  416.255  257.479  356.696
96.937  305.523  178.788  261.238
512.34  271.545  389.535  258.285
531.516  94.8878  409.428  93.4103
618.6  291.918  476.037  289.641
570.774  376.004  431.05  366.073
507.551  149.058  390.188  145.607
565.123  191.812  433.857  184.824
520.681  174.647  400.449  169.635
451.223  133.419  351.384  135.537
530.969  188.992  406.799  182.222
529.428  273.944  403.487  263.328
340.118  384.753  283.06  337.559
217.262  346.512  225.245  295.387
573.295  181.761  441.445  174.808
504.733  138.335  387.356  136.203
510.294  99.1778  392.216  100.069
216.808  23.8316  231.713  66.7288
498.417  361.807  377.789  340.642
240.972  346.443  236.466  297.833
502.191  354.18  380.44  334.091
579.878  303.894  441.361  296.909
495.618  152.644  380.038  149.709
416.642  327.022  324.424  296.965
390.919  264.944  311.478  245.449
573.468  178.597  441.582  171.657
425.11  222.863  334.033  212.315
360.379  234.871  296.001  220.289
419.077  191.918  330.367  186.061
238.731  241.768  237.193  221.098
76.4186  226.444  171.644  208.835
135.763  304.147  194.002  263.448
235.382  389.6  233.077  328.241
555.862  166.948  426.8  160.675
247.994  409.94  238.515  346.261
455.875  206.859  352.812  199.015
210.267  394.146  222.43  330.539
573.494  374.041  433.434  363.621
443.263  272.804  342.328  255.143
537.63  84.9879  414.701  83.1649
569.881  104.586  439.326  99.0096
405.025  196.813  322.65  190.162
549.796  284.714  418.018  275.12
373.647  254.958  305.016  236.963
256.252  393.576  242.163  333.144
476.777  254.363  365.932  241.66
300.386  335.556  263.794  294.113
469.133  194.724  363.333  188.491
467.973  217.692  361.826  208.887
556.229  166.949  426.8  160.675
512.99  160.389  394.341  155.7
527.725  275.298  401.875  264.419
594.252  208.859  458.351  202.018
438.22  230.305  341.587  217.981
578.452  187.42  446.366  180.306
144.817  323.929  197.227  270.492
492.857  239.171  377.678  227.844
528.019  167.774  405.34  163.172
525.297  367.613  399.94  351.724
537.561  24.1587  416.986  25.9861
582.193  306.36  443.048  299.635
499.955  359.287  378.846  338.597
534.859  92.9574  410.838  91.728
625.448  225.104  484.634  220.574
440.823  325.405  339.539  299.927
404.178  194.166  322.548  187.987
465.463  167.337  362.925  162.967
63.045  242.186  166.264  219.325
620.238  166.065  482.997  157.645
556.345  167.733  427.032  161.38
538.846  277.107  411.034  266.262
514.188  351.003  389.789  332.298
556.627  168.286  427.554  161.859
568.873  402.871  430.783  393.995
457.361  160.896  354.713  159.156
571.413  102.055  441.152  96.1061
245.179  234.653  239.829  215.753
514.203  290.914  391.201  277.758
437.669  329.562  339.58  303.548
75.3338  223.215  172.129  206.135
573.759  156.631  441.56  149.877
576.566  159.612  443.887  152.709
551.145  378.444  415.709  365.054
571.291  294.186  434.812  286.555
403.198  242.089  320.947  228.089
570.603  105.942  441.682  99.4966
534.859  92.9574  411.093  91.5525
492.492  353.465  373.601  332.067
605.664  307.944  462.943  304.235
573.787  176.934  441.948  169.884
188.991  359.687  214.273  301.497
512.727  270.352  390.044  258.354
471.801  238.803  364.027  227.917
559.81  110.853  430.967  105.97
469.249  252.242  360.597  239.339
527.281  273.101  401.415  262.321
536.214  145.981  411.573  141.282
227.941  302.017  231.224  266.767
474.979  254.629  364.931  241.963
553.392  262.331  423.312  253.292
555.861  168.957  426.788  162.503
112.066  396.217  182.657  321.746
486.729  351.396  368.431  328.294
191.631  401.793  214.625  334.554
559.911  380.336  422.783  368.831
617.742  324.53  472.679  322.794
618.437  309.62  474.629  307.88
552.206  284.488  419.844  273.94
136.351  312.47  194.836  266.06
216.022  347.049  224.667  296.468
574.47  156.61  441.56  149.877
308.718  243.554  271.679  225.664
495.412  292.867  377.061  277.499
563.167  465.597  426.487  455.033
576.962  160.484  444.385  153.474
555.072  167.489  425.925  161.102
197.38  407.381  216.93  339.286
590.858  307.736  450.573  302.348
511.887  289.76  389.278  276.416
540.589  24.0353  417.72  25.1796
475.96  173.471  367.946  169.666
549.313  24.0493  424.611  23.6072
484.53  327.986  368.916  308.198
580.136  304.512  441.629  297.789
307.151  468.415  263.403  397.38
570.003  372.494  429.843  362.209
437.385  168.599  342.336  164.984
414.596  422.71  324.988  382.097
529.766  190.529  406.089  183.466
577.164  188.693  444.001  182.772
128.859  363.497  189.657  300.204
566.554  390.744  428.473  381.005
495.935  449.708  376.265  421.844
438.006  164.745  342.106  163.14
317.78  469.732  268.576  400.279
303.123  372.626  265.309  324.485
532.584  86.8531  410.08  85.6386
284.133  232.223  260.109  217.803
227.654  341.955  230.768  292.366
514.289  290.163  391.305  277.219
618.511  314.331  474.18  312.694
446.903  273.963  345.331  256.968
572.408  178.516  440.956  171.35
533.544  302.474  404.693  290.435
588.834  126.31  455.275  118.566
557.528  274.345  426.241  265.211
269.021  464.554  247.018  389.255
449.311  187.232  350.245  182.143
153.066  235.266  201.366  215
568.543  271.752  436.339  263.964
576.774  307.933  438.484  300.716
566.32  270.787  434.273  262.721
577.162  159.912  444.395  152.837
473.715  169.254  375.28  163.275
326.212  429.751  275.768  372.444
157.823  330.163  201.378  278.495
618.283  192.708  481.349  185.354
530.826  188.845  406.545  181.806
622.971  194.976  486.313  187.735
578.884  187.41  446.791  180.066
578.486  185.949  446.468  178.604
589.638  152.839  454.632  145.306
323.945  362.91  274.716  316.744
618.489  249.163  479.169  244.41
304.037  320.752  270.544  290.604
473.08  275.928  362.354  260.637
309.669  422.692  267.714  364.67
569.123  108.188  438.844  102.258
518.223  183.6  398.042  176.914
579.861  101.999  447.086  95.4256
493.513  291.596  375.707  276.284
501.34  354.43  379.442  334.244
552.709  288.195  420.139  277.395
108.965  198.977  185.335  189.795
414.794  195.365  330.107  187.719
344.84  236.756  288.485  221.96
226.083  344.307  229.848  292.337
384.229  210.451  309.77  201.48
392.218  205.435  315.031  195.979
515.036  357.068  389.259  338.92
618.534  249.261  479.232  244.481
495.175  255.698  379.644  244.548
251.125  262.301  241.68  237.654
600.774  140.891  464.792  134.119
415.142  326.493  324.805  297.11
417.623  329.84  332.227  305.96
302.491  245.531  266.234  227.177
473.634  221.206  364.356  210.7
295.889  435.339  260.543  371.783
618.2  248.954  478.82  244.103
550.034  283.835  418.55  274.746
556.075  167.438  426.951  160.823
213.149  303.771  225.102  270.143
266.095  396.426  245.407  337.077
565.457  293.003  430.755  285.296
532.651  272.044  406.539  262.37
329.238  465.926  276.13  400.035
472.557  163.085  365.306  160.782
589.95  99.5512  457.534  91.1652
530.36  272.048  404.054  260.223
338.282  428.693  281.676  372.406
550.018  440.541  417.771  427.76
440.944  330.945  339.156  302.629
488.762  262.199  373.967  249.752
503.273  128.068  387.74  127.849
603.125  198.059  467.995  190.795
182.004  405.136  210.827  336.667
300.792  258.418  264.859  234.635
576.043  159.351  443.447  152.21
560.096  380.124  422.783  368.831
156.443  426.25  200.171  347.979
619.47  192.677  482.837  185.209
591.118  148.501  456.902  140.587
602.624  198.549  467.16  191.263
256.811  393.227  241.282  333.926
589.864  127.612  455.326  119.855
618.244  201.297  481.396  194.235
562.989  378.206  425.475  367.846
599.957  124.515  464.842  115.75
603.79  116.369  467.861  107.291
617.338  250.385  478.058  245.473
584.674  131.153  451.006  123.71
550.854  441.165  417.771  427.76
610.632  443.264  465.912  446.886
345.763  251.31  288.258  231.505
547.176  353.055  412.871  340.039
496.822  352.946  376.624  332.636
278.697  437.815  252.097  369.859
151.179  232.446  200.201  213.926
180.174  357.902  209.353  298.471
552.969  174.556  423.452  167.796
544.092  357.655  410.545  344.057
415.636  322.645  324.921  295.931
548.977  349.877  414.851  337.664
480.276  350.873  362.834  326.172
602.964  197.915  467.605  190.578
530.08  463.131  401.11  443.323
427.916  440.179  331.813  397.749
602.535  197.846  467.162  190.497
591.118  148.501  456.171  140.678
589.93  157.222  455.34  149.447
326.961  421.347  275.792  363.956
351.298  395.992  289.301  348.248
101.472  244.332  182.328  221.802
603.931  126.793  467.801  117.849
195.547  378.536  217.028  318.171
538.348  277.408  411.034  266.262
567.25  111.923  438.161  105.577
432.516  330.841  333.966  303.853
556.874  463.813  421.421  450.89
609.878  449.271  466.794  452.146
453.653  214.874  351.194  204.554
550.169  286.058  417.425  276.559
590.242  127.777  455.793  119.883
593.196  105.517  459.83  96.8716
618.502  323.741  473.369  322.448
575.67  157.424  443.363  150.179
51.082  307.981  161.849  260.711
559.967  270.672  424.011  260.134
433.31  232.467  339.892  221.475
82.9107  353.236  172.483  291.414
514.676  174.797  395.64  170.424
609.751  185.978  473.896  178.152
137.376  269.242  193.934  239.179
289.905  255.745  260.804  232.963
136.318  274.116  193.041  243.842
547.732  355.735  413.922  343.31
438.093  321.856  338.642  297.742
596.233  124.486  461.652  115.902
614.381  384.234  468.569  384.669
318.754  421.038  272.341  364.223
115.956  253.116  187.358  224.989
530.253  458.049  401.532  438.607
573.369  158.174  440.452  151.143
603.364  114.397  468.077  105.04
99.1453  248.25  180.346  222.762
388.301  401.552  309.65  358.424
496.947  136.648  383.367  136.087
594.881  108.235  461.4  99.3465
595.668  110.744  462.216  101.75
579.861  101.999  447.542  95.0074
616.927  343.126  471.338  342.261
588.403  125.905  453.723  118.239
563.762  270.587  430.399  263.47
192.969  377.046  216.12  318.217
590.32  101.261  457.051  92.9538
608.165  121.723  471.568  112.272
464.643  205.024  361.688  198.176
466.862  343.381  355.301  318.904
198.776  310.536  217.76  268.955
446.99  203.624  347.607  196.66
519.699  364.714  392.458  347.082
536.277  361.127  404.25  345.997
503.211  361.6  380.008  340.924
579.393  305.815  441.379  299.586
103.596  46.6143  186.266  91.3592
565.981  258.051  432.45  251.327
602.529  133.84  466.696  124.961
451.56  134.44  352.979  136.476
130.086  465.843  187.534  370.635
589.973  126.45  455.275  118.566
562.699  280.451  430.092  271.262
496.799  171.293  381.574  167.786
571.388  362.067  432.778  351.362
190.407  376.617  215.041  316.086
609.396  201.055  473.52  193.745
528.753  273.811  403.568  261.824
536.11  350.799  404.41  336.24
235.158  405.867  233.627  342.89
433.173  226.368  338.597  216.02
619.22  194.151  482.527  186.566
448.342  132.748  350.59  135.33
441.131  300.975  340.007  279.483
595.582  139.148  460.23  130.854
535.761  86.8078  412.973  84.6154
422.567  184.317  334.848  177.997
76.631  229.983  171.707  210.572
589.313  101.048  456.394  92.7088
202.051  408.688  219.262  340.628
438.809  243.899  340.814  228.851
620.7  102.315  484.152  90.6947
620.668  111.204  483.754  100.007
542.794  360.676  409.243  346.761
622.544  222.174  484.888  216.122
556.73  49.9295  432.761  44.9346
556.619  167.393  426.977  160.542
301.249  420.848  263.863  361.761
190.759  263.011  215.35  235.282
590.042  152.097  455.12  144.179
488.89  353.327  370.25  331.316
600.622  119.607  465.307  110.544
525.329  273.132  401.207  260.918
527.37  345.913  397.829  330.237
590.32  147.927  455.481  139.957
491.426  172.633  378.407  169.097
506.474  134.756  390.585  131.589
466.288  342.408  355.983  319.002
265.544  395.164  247.146  336.239
454.635  441.654  349.132  405.122
512.719  332.453  387.21  315.485
216.343  256.344  226.181  231.891
133.492  306.591  192.071  262.401
185.406  48.4439  217.43  87.1182
600.677  118.71  465.365  109.602
90.6311  180.298  176.699  178.3
561.129  352.004  424.43  342.055
589.416  126.889  454.898  118.913
90.7222  208.064  178.086  197.806
452.276  170.672  351.562  168.263
432.301  231.801  337.627  220.668
454.897  208.039  353.254  200.75
352.514  244.956  292.551  226.761
461.766  298.645  353.136  276.822
436.762  143.11  341.764  145.322
78.531  235.733  172.571  214.178
620.081  167.594  482.952  158.635
520.626  260.694  395.304  250.305
428.593  188.953  336.708  181.932
618.422  166.22  481.353  157.26
590.274  149.007  455.403  140.988
398.117  147.399  318.029  148.202
568.083  39.733  439.664  34.7491
548.991  440.761  416.809  427.034
565.858  378.684  426.711  368.384
426.198  319.521  333.142  293.277
617.31  343.863  471.542  343.218
435.528  323.492  336.532  298.723
620.81  133.824  483.017  123.547
615.486  363.361  469.688  363.244
341.738  258.535  286.12  236.726
172.345  263.65  207.839  236.418
573.975  359.749  435.085  352.298
554.183  181.792  427.051  176.597
620.687  83.9294  484.582  71.4125
244.034  232.661  239.528  216.688
300.24  331.053  265.192  291.877
614.929  360.521  469.318  360.252
563.463  461.184  427.56  450.743
616.784  339.471  471.326  338.702
595.224  140.441  460.03  131.993
430.02  204.277  336.204  197.221
563.499  377.751  425.742  367.799
539.422  375.173  408.83  359.204
621.177  125.569  483.532  114.884
618.283  192.708  481.565  184.885
419.215  156.761  332.088  154.667
564.481  92.1463  436.143  86.1962
596.4  139.208  460.23  130.854
545.574  295.883  413.184  285.614
567.412  369.388  429.172  360.411
588.603  99.9519  455.349  91.6872
247.222  247.574  239.663  226.73
590.825  157.64  455.89  149.55
535.991  264.911  408.664  253.529
540.836  88.5837  419.179  87.0868
607.849  122.013  471.568  112.272
333.053  243.989  280.141  226.772
439.272  333.182  340.052  305.564
51.9077  433.809  159.708  341.619
612.517  346.538  467.288  345.273
244.633  260.28  239.477  233.272
185.982  467.103  209.129  377.64
474.025  161.759  367.307  157.316
611.649  77.8384  476.465  66.233
620.631  143.773  482.876  133.777
157.726  331.382  200.775  279.489
493.199  337.596  373.257  317.691
461.209  267.197  354.475  252.56
416.259  324.564  325.337  294.815
176.988  351.793  207.846  294.696
451.373  133.468  352.425  136.08
337.732  238.388  286.76  224.471
589.996  128.018  455.326  119.855
512.958  98.2435  395.912  100.008
429.517  308.905  334.431  283.624
268.254  397.506  248.288  337.354
146.301  321.307  196.652  271.655
544.876  291.187  413.203  281.359
559.31  389.911  421.776  375.279
137.728  304.48  201.595  234.706
456.684  212.429  352.015  201.992
565.25  253.294  432.202  244.302
250.172  228.348  244.318  211.993
194.421  257.45  217.23  234.137
620.459  145.74  482.752  135.759
239.043  240.351  236.566  221.85
130.779  283.919  190.188  250.775
527.159  344.915  397.53  329.448
607.849  122.013  471.443  112.201
527.37  345.913  397.678  330.427
400.041  152.199  317.03  152.529
620.562  143.93  482.839  133.858
149.262  48.4888  205.526  88.3081
471.372  261.029  367.499  250.186
482.795  365.353  373.473  345.248
446.707  206.037  347.78  199.112
339.888  240.808  286.132  222.877
330.877  382.266  279.319  334.371
589.416  126.889  455.534  118.486
609.473  189.006  473.779  180.882
430.958  175.943  338.505  173.324
426.393  179.463  336.041  173.606
592.104  195.717  456.687  187.804
460.938  206.728  354.183  199.722
616.843  291.25  474.639  289.799
567.091  369.919  429.319  361.418
514.866  290.137  391.201  277.758
411.022  137.856  327.818  141.689
377.351  243.305  306.067  228.998
109.589  396.153  180.849  321.918
139.877  221.259  196.947  208.201
563.499  377.751  425.475  367.846
589.813  157.737  455.34  149.447
515.189  442.943  387.713  420.343
373.818  257.271  308.169  239.482
157.054  332.683  203.362  277.687
620.871  112.815  483.852  101.297
414.762  324.3  346.058  314.314
562.719  87.6824  435.405  81.4911
205.575  265.427  221.583  239.681
425.389  177.078  336.964  171.317
456.789  282.045  351.481  265.567
603.103  219.578  467.446  212.396
578.502  188.242  446.185  180.2
563.922  377.597  425.742  367.799
563.499  377.751  425.487  367.949
286.178  232.234  260.758  215.239
505.135  358.835  381.247  339.172
390.816  243.671  312.655  226.358
510.158  351.589  387.837  331.787
314.264  354.895  270.771  309.208
450.121  193.572  347.955  188.521
446.671  281.605  344.889  264.43
440.549  324.611  341.675  302.446
437.506  228.253  341.919  215.317
489.671  178.084  375.869  171.569
616.005  354.227  470.33  354.303
596.282  198.576  461.246  190.561
569.68  385.114  430.683  376.858
372.304  258.082  306.782  239.675
598.794  120.745  464.419  111.147
462.522  276.358  356.618  258.333
96.1951  336.024  177.887  278.14
532.232  147.114  409.349  141.355
237.498  239.931  235.266  221.17
427.214  300.143  334.379  280.277
568.395  369.25  429.527  360.59
618.574  249.984  479.169  244.41
132.686  271.475  191.501  240.23
526.456  345.184  397.678  330.427
289.596  262.888  260.448  237.356
565.307  283.83  432.592  277.79
572.684  385.991  432.796  378.177
430.958  175.943  337.726  173.682
600.466  81.9961  466.829  71.3588
125.372  243.367  189.027  220.818
418.185  204.686  328.445  197.878
500.637  335.769  378.07  317.227
190.433  259.766  214.616  232.473
285.757  234.262  259.537  216.027
346.584  392.807  287.036  343.654
45.8494  284.704  160.085  244.718
526.4  345.06  397.678  330.427
566.474  108.182  437.205  101.31
314.395  424.518  269.902  363.516
250.547  244.021  241.99  225.776
516.213  138.487  397.126  134.033
195.597  355.746  218.182  300.167
590.313  194.326  454.375  186.06
547.462  352.112  412.871  340.039
550.713  362.365  413.266  349.007
509.374  111.927  390.226  110.87
446.155  187.206  346.981  183.248
407.62  246.39  321.632  228.765
465.331  120.295  360.401  121.166
458.487  190.969  358.539  186.357
325.087  248.394  281.916  229.896
625.817  254.95  486.198  250.063
557.778  268.882  428.004  262.922
565.229  376.626  426.885  367.559
338.893  241.706  286.73  223.604
421.105  236.662  331.135  225.234
442.532  152.67  346.448  153.536
485.209  290.74  369.06  275.432
405.719  224.278  322.257  210.738
521.775  166.36  404.667  162.725
475.111  355.336  361.476  332.62
570.86  371.41  429.843  362.209
326.684  379.808  277.506  331.426
432.238  141.023  341.304  139.832
308.493  239.096  268.657  223.264
546.121  373.135  412.906  361.434
495.886  248.267  382.204  239.387
612.517  346.538  467.249  345.96
384.748  181.127  313.063  174.734
532.544  458.526  398.751  438.394
247.095  391.306  240.187  333.772
336.858  242.415  282.738  226.721
210.24  396.158  223.504  328.768
549.763  380.56  411.281  365.744
330.877  382.266  280.24  334.963
146.131  340.745  198.434  292.254
145.337  226.101  199.767  211.955
453.831  163.007  354.797  162.02
285.511  267.986  259.619  241.726
508.083  274.406  388.451  259.757
448.602  222.39  348.629  213.997
616.005  354.227  469.052  354.028
25.5315  166.463  155.349  171.195
234.856  337.35  235.085  288.75
438.191  212.459  342.323  205.214
459.931  189.267  357.476  185.165
502.16  270.953  384.029  260.28
477.648  158.743  370.113  157.749
491.148  217.377  379.031  206.739
493.199  337.596  372.886  318.396
576.606  176.338  446.113  167.625
198.372  258.08  222.209  234.175
601.532  138.034  465.795  128.225
84.3916  353.264  171.956  291.144
486.805  177.221  377.321  169.948
166.2  358.082  206.946  295.087
142.278  214.979  197.647  205.042
418.164  207.421  331.812  200.869
81.4097  406.836  169.971  325.58
131.528  425.009  191.601  346.302
585.378  97.2839  451.547  88.833
446.423  285.7  343.143  267.787
179.306  291.534  213.225  250.662
471.184  189.958  367.113  185.773
243.87  250.273  240.179  225.804
429.449  148.623  336.322  147.111
539.868  279.857  412.594  272.193
429.333  149.727  337.598  147.61
448.35  209.135  350.371  202.78
447.55  162.578  348.065  158.18
498.725  123.476  384.348  125.512
180.56  376.85  212.185  313.422
422.858  184.928  333.593  177.463
287.9  283.882  259.816  252.637
346.198  430.7  287.975  377.039
97.94  196.951  179.522  191.333
475.788  118.436  375.874  114.641
350.382  397.575  290.081  349.043
353.31  261.112  289.469  236.359
381.738  252.065  308.185  237.261
388.708  151.139  317.097  153.538
24.3312  166.175  155.371  171.496
372.381  260.654  302.335  238.505
465.351  96.1974  355.45  102.595
330.35  241.868  281.685  227.697
586.83  317.164  447.6  308.272
354.761  254.364  292.704  232.376
485.441  265.931  371.797  254.73
551.351  376.015  416.488  365.669
384.443  212.8  309.377  205.015
529.954  168.936  406.111  166.29
503.031  275.188  383.041  258.795
187.347  407.37  214.626  337.54
455.786  283.119  350.994  267.726
450.271  224.789  350.649  216.845
89.1696  207.057  178.283  193.245
112.378  397.002  181.042  320.788
512.95  186.171  393.482  182.709
469.089  94.4557  368.149  100.501
435.168  229.513  341.069  215.35
292.676  275.696  260.135  243.718
422.517  197.884  331.226  193.25
563.996  264.619  431.868  254.192
431.985  235.292  338.38  220.013
245.144  390.273  240.027  332.159
260.042  242.491  249.127  221.507
424.577  231.668  335.128  222.489
342.582  237.924  291.179  220.684
485.315  350.013  376.458  330.209
460.853  251.576  351.28  239.366
341.723  239.647  289.111  221.324
237.356  332.86  231.793  287.498
372.381  260.654  302.335  238.505
